{
 "cells": [
  {
   "cell_type": "code",
   "execution_count": 1,
   "metadata": {},
   "outputs": [],
   "source": [
    "import stockinator as st\n",
    "import pandas as pd\n",
    "from IPython.display import display\n",
    "pd.set_option('display.max_rows', 1000)\n",
    "pd.set_option('display.max_columns', 500)\n",
    "pd.set_option('display.width', 150)"
   ]
  },
  {
   "cell_type": "code",
   "execution_count": 3,
   "metadata": {},
   "outputs": [
    {
     "data": {
      "text/html": [
       "<div>\n",
       "<style scoped>\n",
       "    .dataframe tbody tr th:only-of-type {\n",
       "        vertical-align: middle;\n",
       "    }\n",
       "\n",
       "    .dataframe tbody tr th {\n",
       "        vertical-align: top;\n",
       "    }\n",
       "\n",
       "    .dataframe thead th {\n",
       "        text-align: right;\n",
       "    }\n",
       "</style>\n",
       "<table border=\"1\" class=\"dataframe\">\n",
       "  <thead>\n",
       "    <tr style=\"text-align: right;\">\n",
       "      <th></th>\n",
       "      <th>89_Weighted</th>\n",
       "      <th>34_Weighted</th>\n",
       "      <th>13_Weighted</th>\n",
       "      <th>TotalPerformance</th>\n",
       "      <th>TotalWeight</th>\n",
       "    </tr>\n",
       "  </thead>\n",
       "  <tbody>\n",
       "    <tr>\n",
       "      <th>count</th>\n",
       "      <td>12.000000</td>\n",
       "      <td>12.000000</td>\n",
       "      <td>12.000000</td>\n",
       "      <td>12.000000</td>\n",
       "      <td>12.000000</td>\n",
       "    </tr>\n",
       "    <tr>\n",
       "      <th>mean</th>\n",
       "      <td>1.154216</td>\n",
       "      <td>1.452173</td>\n",
       "      <td>1.438971</td>\n",
       "      <td>13.138908</td>\n",
       "      <td>4.045367</td>\n",
       "    </tr>\n",
       "    <tr>\n",
       "      <th>std</th>\n",
       "      <td>0.576473</td>\n",
       "      <td>1.324179</td>\n",
       "      <td>1.857773</td>\n",
       "      <td>8.341227</td>\n",
       "      <td>3.365904</td>\n",
       "    </tr>\n",
       "    <tr>\n",
       "      <th>min</th>\n",
       "      <td>0.019677</td>\n",
       "      <td>-1.752502</td>\n",
       "      <td>-3.148174</td>\n",
       "      <td>-7.596900</td>\n",
       "      <td>-4.881000</td>\n",
       "    </tr>\n",
       "    <tr>\n",
       "      <th>25%</th>\n",
       "      <td>0.886933</td>\n",
       "      <td>1.089722</td>\n",
       "      <td>1.280489</td>\n",
       "      <td>10.441950</td>\n",
       "      <td>3.177750</td>\n",
       "    </tr>\n",
       "    <tr>\n",
       "      <th>50%</th>\n",
       "      <td>1.011641</td>\n",
       "      <td>1.494675</td>\n",
       "      <td>1.625961</td>\n",
       "      <td>12.656550</td>\n",
       "      <td>3.805200</td>\n",
       "    </tr>\n",
       "    <tr>\n",
       "      <th>75%</th>\n",
       "      <td>1.475677</td>\n",
       "      <td>2.227120</td>\n",
       "      <td>2.022315</td>\n",
       "      <td>17.732875</td>\n",
       "      <td>6.723225</td>\n",
       "    </tr>\n",
       "    <tr>\n",
       "      <th>max</th>\n",
       "      <td>2.133193</td>\n",
       "      <td>3.111708</td>\n",
       "      <td>4.817133</td>\n",
       "      <td>24.305900</td>\n",
       "      <td>7.565900</td>\n",
       "    </tr>\n",
       "  </tbody>\n",
       "</table>\n",
       "</div>"
      ],
      "text/plain": [
       "       89_Weighted  34_Weighted  13_Weighted  TotalPerformance  TotalWeight\n",
       "count    12.000000    12.000000    12.000000         12.000000    12.000000\n",
       "mean      1.154216     1.452173     1.438971         13.138908     4.045367\n",
       "std       0.576473     1.324179     1.857773          8.341227     3.365904\n",
       "min       0.019677    -1.752502    -3.148174         -7.596900    -4.881000\n",
       "25%       0.886933     1.089722     1.280489         10.441950     3.177750\n",
       "50%       1.011641     1.494675     1.625961         12.656550     3.805200\n",
       "75%       1.475677     2.227120     2.022315         17.732875     6.723225\n",
       "max       2.133193     3.111708     4.817133         24.305900     7.565900"
      ]
     },
     "metadata": {},
     "output_type": "display_data"
    },
    {
     "data": {
      "text/html": [
       "<div>\n",
       "<style scoped>\n",
       "    .dataframe tbody tr th:only-of-type {\n",
       "        vertical-align: middle;\n",
       "    }\n",
       "\n",
       "    .dataframe tbody tr th {\n",
       "        vertical-align: top;\n",
       "    }\n",
       "\n",
       "    .dataframe thead th {\n",
       "        text-align: right;\n",
       "    }\n",
       "</style>\n",
       "<table border=\"1\" class=\"dataframe\">\n",
       "  <thead>\n",
       "    <tr style=\"text-align: right;\">\n",
       "      <th></th>\n",
       "      <th>89</th>\n",
       "      <th>34</th>\n",
       "      <th>13</th>\n",
       "      <th>Next_89</th>\n",
       "      <th>89_Weighted</th>\n",
       "      <th>34_Weighted</th>\n",
       "      <th>13_Weighted</th>\n",
       "      <th>TotalPerformance</th>\n",
       "      <th>TotalWeight</th>\n",
       "    </tr>\n",
       "  </thead>\n",
       "  <tbody>\n",
       "    <tr>\n",
       "      <th>VHT</th>\n",
       "      <td>11.1894</td>\n",
       "      <td>8.13831</td>\n",
       "      <td>2.14191</td>\n",
       "      <td>1.3555</td>\n",
       "      <td>1.634407</td>\n",
       "      <td>3.111708</td>\n",
       "      <td>2.141905</td>\n",
       "      <td>21.4696</td>\n",
       "      <td>6.8880</td>\n",
       "    </tr>\n",
       "    <tr>\n",
       "      <th>VGT</th>\n",
       "      <td>13.0007</td>\n",
       "      <td>7.48352</td>\n",
       "      <td>1.90793</td>\n",
       "      <td>-1.0923</td>\n",
       "      <td>1.898974</td>\n",
       "      <td>2.861345</td>\n",
       "      <td>1.907935</td>\n",
       "      <td>22.3921</td>\n",
       "      <td>6.6683</td>\n",
       "    </tr>\n",
       "    <tr>\n",
       "      <th>SPY</th>\n",
       "      <td>9.74048</td>\n",
       "      <td>5.07333</td>\n",
       "      <td>1.67351</td>\n",
       "      <td>-9.1936</td>\n",
       "      <td>1.422767</td>\n",
       "      <td>1.939802</td>\n",
       "      <td>1.673509</td>\n",
       "      <td>16.4873</td>\n",
       "      <td>5.0361</td>\n",
       "    </tr>\n",
       "  </tbody>\n",
       "</table>\n",
       "</div>"
      ],
      "text/plain": [
       "          89       34       13 Next_89  89_Weighted  34_Weighted  13_Weighted  TotalPerformance  TotalWeight\n",
       "VHT  11.1894  8.13831  2.14191  1.3555     1.634407     3.111708     2.141905           21.4696       6.8880\n",
       "VGT  13.0007  7.48352  1.90793 -1.0923     1.898974     2.861345     1.907935           22.3921       6.6683\n",
       "SPY  9.74048  5.07333  1.67351 -9.1936     1.422767     1.939802     1.673509           16.4873       5.0361"
      ]
     },
     "metadata": {},
     "output_type": "display_data"
    },
    {
     "data": {
      "text/html": [
       "<div>\n",
       "<style scoped>\n",
       "    .dataframe tbody tr th:only-of-type {\n",
       "        vertical-align: middle;\n",
       "    }\n",
       "\n",
       "    .dataframe tbody tr th {\n",
       "        vertical-align: top;\n",
       "    }\n",
       "\n",
       "    .dataframe thead th {\n",
       "        text-align: right;\n",
       "    }\n",
       "</style>\n",
       "<table border=\"1\" class=\"dataframe\">\n",
       "  <thead>\n",
       "    <tr style=\"text-align: right;\">\n",
       "      <th></th>\n",
       "      <th>89</th>\n",
       "      <th>34</th>\n",
       "      <th>13</th>\n",
       "      <th>Next_89</th>\n",
       "      <th>89_Weighted</th>\n",
       "      <th>34_Weighted</th>\n",
       "      <th>13_Weighted</th>\n",
       "      <th>TotalPerformance</th>\n",
       "      <th>TotalWeight</th>\n",
       "    </tr>\n",
       "  </thead>\n",
       "  <tbody>\n",
       "    <tr>\n",
       "      <th>VDE</th>\n",
       "      <td>4.62743</td>\n",
       "      <td>5.42119</td>\n",
       "      <td>4.81713</td>\n",
       "      <td>-40.5796</td>\n",
       "      <td>0.675917</td>\n",
       "      <td>2.072807</td>\n",
       "      <td>4.817133</td>\n",
       "      <td>14.8658</td>\n",
       "      <td>7.5659</td>\n",
       "    </tr>\n",
       "    <tr>\n",
       "      <th>VFH</th>\n",
       "      <td>14.6042</td>\n",
       "      <td>7.03554</td>\n",
       "      <td>2.66616</td>\n",
       "      <td>-27.5715</td>\n",
       "      <td>2.133193</td>\n",
       "      <td>2.690058</td>\n",
       "      <td>2.666162</td>\n",
       "      <td>24.3059</td>\n",
       "      <td>7.4894</td>\n",
       "    </tr>\n",
       "    <tr>\n",
       "      <th>VHT</th>\n",
       "      <td>11.1894</td>\n",
       "      <td>8.13831</td>\n",
       "      <td>2.14191</td>\n",
       "      <td>1.3555</td>\n",
       "      <td>1.634407</td>\n",
       "      <td>3.111708</td>\n",
       "      <td>2.141905</td>\n",
       "      <td>21.4696</td>\n",
       "      <td>6.8880</td>\n",
       "    </tr>\n",
       "    <tr>\n",
       "      <th>VGT</th>\n",
       "      <td>13.0007</td>\n",
       "      <td>7.48352</td>\n",
       "      <td>1.90793</td>\n",
       "      <td>-1.0923</td>\n",
       "      <td>1.898974</td>\n",
       "      <td>2.861345</td>\n",
       "      <td>1.907935</td>\n",
       "      <td>22.3921</td>\n",
       "      <td>6.6683</td>\n",
       "    </tr>\n",
       "    <tr>\n",
       "      <th>SPY</th>\n",
       "      <td>9.74048</td>\n",
       "      <td>5.07333</td>\n",
       "      <td>1.67351</td>\n",
       "      <td>-9.1936</td>\n",
       "      <td>1.422767</td>\n",
       "      <td>1.939802</td>\n",
       "      <td>1.673509</td>\n",
       "      <td>16.4873</td>\n",
       "      <td>5.0361</td>\n",
       "    </tr>\n",
       "    <tr>\n",
       "      <th>VAW</th>\n",
       "      <td>7.59199</td>\n",
       "      <td>3.60169</td>\n",
       "      <td>1.56857</td>\n",
       "      <td>-16.9396</td>\n",
       "      <td>1.108942</td>\n",
       "      <td>1.377116</td>\n",
       "      <td>1.568569</td>\n",
       "      <td>12.7622</td>\n",
       "      <td>4.0546</td>\n",
       "    </tr>\n",
       "    <tr>\n",
       "      <th>VCR</th>\n",
       "      <td>6.02465</td>\n",
       "      <td>2.87</td>\n",
       "      <td>1.57841</td>\n",
       "      <td>-7.1881</td>\n",
       "      <td>0.880005</td>\n",
       "      <td>1.097353</td>\n",
       "      <td>1.578413</td>\n",
       "      <td>10.4731</td>\n",
       "      <td>3.5558</td>\n",
       "    </tr>\n",
       "    <tr>\n",
       "      <th>VDC</th>\n",
       "      <td>6.08789</td>\n",
       "      <td>2.79016</td>\n",
       "      <td>1.47042</td>\n",
       "      <td>-5.6697</td>\n",
       "      <td>0.889243</td>\n",
       "      <td>1.066826</td>\n",
       "      <td>1.470424</td>\n",
       "      <td>10.3485</td>\n",
       "      <td>3.4265</td>\n",
       "    </tr>\n",
       "    <tr>\n",
       "      <th>VOX</th>\n",
       "      <td>6.25971</td>\n",
       "      <td>4.21661</td>\n",
       "      <td>0.710684</td>\n",
       "      <td>-8.4383</td>\n",
       "      <td>0.914340</td>\n",
       "      <td>1.612234</td>\n",
       "      <td>0.710684</td>\n",
       "      <td>11.1870</td>\n",
       "      <td>3.2373</td>\n",
       "    </tr>\n",
       "    <tr>\n",
       "      <th>VPU</th>\n",
       "      <td>6.11673</td>\n",
       "      <td>0.322263</td>\n",
       "      <td>1.98245</td>\n",
       "      <td>-8.3039</td>\n",
       "      <td>0.893454</td>\n",
       "      <td>0.123218</td>\n",
       "      <td>1.982452</td>\n",
       "      <td>8.4214</td>\n",
       "      <td>2.9991</td>\n",
       "    </tr>\n",
       "    <tr>\n",
       "      <th>VIS</th>\n",
       "      <td>9.44547</td>\n",
       "      <td>3.20675</td>\n",
       "      <td>-0.10136</td>\n",
       "      <td>-22.2222</td>\n",
       "      <td>1.379675</td>\n",
       "      <td>1.226110</td>\n",
       "      <td>-0.101360</td>\n",
       "      <td>12.5509</td>\n",
       "      <td>2.5044</td>\n",
       "    </tr>\n",
       "    <tr>\n",
       "      <th>VNQ</th>\n",
       "      <td>0.134712</td>\n",
       "      <td>-4.58347</td>\n",
       "      <td>-3.14817</td>\n",
       "      <td>-15.9996</td>\n",
       "      <td>0.019677</td>\n",
       "      <td>-1.752502</td>\n",
       "      <td>-3.148174</td>\n",
       "      <td>-7.5969</td>\n",
       "      <td>-4.8810</td>\n",
       "    </tr>\n",
       "  </tbody>\n",
       "</table>\n",
       "</div>"
      ],
      "text/plain": [
       "           89        34        13  Next_89  89_Weighted  34_Weighted  13_Weighted  TotalPerformance  TotalWeight\n",
       "VDE   4.62743   5.42119   4.81713 -40.5796     0.675917     2.072807     4.817133           14.8658       7.5659\n",
       "VFH   14.6042   7.03554   2.66616 -27.5715     2.133193     2.690058     2.666162           24.3059       7.4894\n",
       "VHT   11.1894   8.13831   2.14191   1.3555     1.634407     3.111708     2.141905           21.4696       6.8880\n",
       "VGT   13.0007   7.48352   1.90793  -1.0923     1.898974     2.861345     1.907935           22.3921       6.6683\n",
       "SPY   9.74048   5.07333   1.67351  -9.1936     1.422767     1.939802     1.673509           16.4873       5.0361\n",
       "VAW   7.59199   3.60169   1.56857 -16.9396     1.108942     1.377116     1.568569           12.7622       4.0546\n",
       "VCR   6.02465      2.87   1.57841  -7.1881     0.880005     1.097353     1.578413           10.4731       3.5558\n",
       "VDC   6.08789   2.79016   1.47042  -5.6697     0.889243     1.066826     1.470424           10.3485       3.4265\n",
       "VOX   6.25971   4.21661  0.710684  -8.4383     0.914340     1.612234     0.710684           11.1870       3.2373\n",
       "VPU   6.11673  0.322263   1.98245  -8.3039     0.893454     0.123218     1.982452            8.4214       2.9991\n",
       "VIS   9.44547   3.20675  -0.10136 -22.2222     1.379675     1.226110    -0.101360           12.5509       2.5044\n",
       "VNQ  0.134712  -4.58347  -3.14817 -15.9996     0.019677    -1.752502    -3.148174           -7.5969      -4.8810"
      ]
     },
     "metadata": {},
     "output_type": "display_data"
    },
    {
     "data": {
      "text/html": [
       "<div>\n",
       "<style scoped>\n",
       "    .dataframe tbody tr th:only-of-type {\n",
       "        vertical-align: middle;\n",
       "    }\n",
       "\n",
       "    .dataframe tbody tr th {\n",
       "        vertical-align: top;\n",
       "    }\n",
       "\n",
       "    .dataframe thead th {\n",
       "        text-align: right;\n",
       "    }\n",
       "</style>\n",
       "<table border=\"1\" class=\"dataframe\">\n",
       "  <thead>\n",
       "    <tr style=\"text-align: right;\">\n",
       "      <th></th>\n",
       "      <th>89</th>\n",
       "      <th>34</th>\n",
       "      <th>13</th>\n",
       "      <th>Next_89</th>\n",
       "      <th>89_Weighted</th>\n",
       "      <th>34_Weighted</th>\n",
       "      <th>13_Weighted</th>\n",
       "      <th>TotalPerformance</th>\n",
       "      <th>TotalWeight</th>\n",
       "    </tr>\n",
       "  </thead>\n",
       "  <tbody>\n",
       "    <tr>\n",
       "      <th>VFH</th>\n",
       "      <td>14.6042</td>\n",
       "      <td>7.03554</td>\n",
       "      <td>2.66616</td>\n",
       "      <td>-27.5715</td>\n",
       "      <td>2.133193</td>\n",
       "      <td>2.690058</td>\n",
       "      <td>2.666162</td>\n",
       "      <td>24.3059</td>\n",
       "      <td>7.4894</td>\n",
       "    </tr>\n",
       "    <tr>\n",
       "      <th>VGT</th>\n",
       "      <td>13.0007</td>\n",
       "      <td>7.48352</td>\n",
       "      <td>1.90793</td>\n",
       "      <td>-1.0923</td>\n",
       "      <td>1.898974</td>\n",
       "      <td>2.861345</td>\n",
       "      <td>1.907935</td>\n",
       "      <td>22.3921</td>\n",
       "      <td>6.6683</td>\n",
       "    </tr>\n",
       "    <tr>\n",
       "      <th>VHT</th>\n",
       "      <td>11.1894</td>\n",
       "      <td>8.13831</td>\n",
       "      <td>2.14191</td>\n",
       "      <td>1.3555</td>\n",
       "      <td>1.634407</td>\n",
       "      <td>3.111708</td>\n",
       "      <td>2.141905</td>\n",
       "      <td>21.4696</td>\n",
       "      <td>6.8880</td>\n",
       "    </tr>\n",
       "    <tr>\n",
       "      <th>SPY</th>\n",
       "      <td>9.74048</td>\n",
       "      <td>5.07333</td>\n",
       "      <td>1.67351</td>\n",
       "      <td>-9.1936</td>\n",
       "      <td>1.422767</td>\n",
       "      <td>1.939802</td>\n",
       "      <td>1.673509</td>\n",
       "      <td>16.4873</td>\n",
       "      <td>5.0361</td>\n",
       "    </tr>\n",
       "    <tr>\n",
       "      <th>VDE</th>\n",
       "      <td>4.62743</td>\n",
       "      <td>5.42119</td>\n",
       "      <td>4.81713</td>\n",
       "      <td>-40.5796</td>\n",
       "      <td>0.675917</td>\n",
       "      <td>2.072807</td>\n",
       "      <td>4.817133</td>\n",
       "      <td>14.8658</td>\n",
       "      <td>7.5659</td>\n",
       "    </tr>\n",
       "    <tr>\n",
       "      <th>VAW</th>\n",
       "      <td>7.59199</td>\n",
       "      <td>3.60169</td>\n",
       "      <td>1.56857</td>\n",
       "      <td>-16.9396</td>\n",
       "      <td>1.108942</td>\n",
       "      <td>1.377116</td>\n",
       "      <td>1.568569</td>\n",
       "      <td>12.7622</td>\n",
       "      <td>4.0546</td>\n",
       "    </tr>\n",
       "    <tr>\n",
       "      <th>VIS</th>\n",
       "      <td>9.44547</td>\n",
       "      <td>3.20675</td>\n",
       "      <td>-0.10136</td>\n",
       "      <td>-22.2222</td>\n",
       "      <td>1.379675</td>\n",
       "      <td>1.226110</td>\n",
       "      <td>-0.101360</td>\n",
       "      <td>12.5509</td>\n",
       "      <td>2.5044</td>\n",
       "    </tr>\n",
       "    <tr>\n",
       "      <th>VOX</th>\n",
       "      <td>6.25971</td>\n",
       "      <td>4.21661</td>\n",
       "      <td>0.710684</td>\n",
       "      <td>-8.4383</td>\n",
       "      <td>0.914340</td>\n",
       "      <td>1.612234</td>\n",
       "      <td>0.710684</td>\n",
       "      <td>11.1870</td>\n",
       "      <td>3.2373</td>\n",
       "    </tr>\n",
       "    <tr>\n",
       "      <th>VCR</th>\n",
       "      <td>6.02465</td>\n",
       "      <td>2.87</td>\n",
       "      <td>1.57841</td>\n",
       "      <td>-7.1881</td>\n",
       "      <td>0.880005</td>\n",
       "      <td>1.097353</td>\n",
       "      <td>1.578413</td>\n",
       "      <td>10.4731</td>\n",
       "      <td>3.5558</td>\n",
       "    </tr>\n",
       "    <tr>\n",
       "      <th>VDC</th>\n",
       "      <td>6.08789</td>\n",
       "      <td>2.79016</td>\n",
       "      <td>1.47042</td>\n",
       "      <td>-5.6697</td>\n",
       "      <td>0.889243</td>\n",
       "      <td>1.066826</td>\n",
       "      <td>1.470424</td>\n",
       "      <td>10.3485</td>\n",
       "      <td>3.4265</td>\n",
       "    </tr>\n",
       "    <tr>\n",
       "      <th>VPU</th>\n",
       "      <td>6.11673</td>\n",
       "      <td>0.322263</td>\n",
       "      <td>1.98245</td>\n",
       "      <td>-8.3039</td>\n",
       "      <td>0.893454</td>\n",
       "      <td>0.123218</td>\n",
       "      <td>1.982452</td>\n",
       "      <td>8.4214</td>\n",
       "      <td>2.9991</td>\n",
       "    </tr>\n",
       "    <tr>\n",
       "      <th>VNQ</th>\n",
       "      <td>0.134712</td>\n",
       "      <td>-4.58347</td>\n",
       "      <td>-3.14817</td>\n",
       "      <td>-15.9996</td>\n",
       "      <td>0.019677</td>\n",
       "      <td>-1.752502</td>\n",
       "      <td>-3.148174</td>\n",
       "      <td>-7.5969</td>\n",
       "      <td>-4.8810</td>\n",
       "    </tr>\n",
       "  </tbody>\n",
       "</table>\n",
       "</div>"
      ],
      "text/plain": [
       "           89        34        13  Next_89  89_Weighted  34_Weighted  13_Weighted  TotalPerformance  TotalWeight\n",
       "VFH   14.6042   7.03554   2.66616 -27.5715     2.133193     2.690058     2.666162           24.3059       7.4894\n",
       "VGT   13.0007   7.48352   1.90793  -1.0923     1.898974     2.861345     1.907935           22.3921       6.6683\n",
       "VHT   11.1894   8.13831   2.14191   1.3555     1.634407     3.111708     2.141905           21.4696       6.8880\n",
       "SPY   9.74048   5.07333   1.67351  -9.1936     1.422767     1.939802     1.673509           16.4873       5.0361\n",
       "VDE   4.62743   5.42119   4.81713 -40.5796     0.675917     2.072807     4.817133           14.8658       7.5659\n",
       "VAW   7.59199   3.60169   1.56857 -16.9396     1.108942     1.377116     1.568569           12.7622       4.0546\n",
       "VIS   9.44547   3.20675  -0.10136 -22.2222     1.379675     1.226110    -0.101360           12.5509       2.5044\n",
       "VOX   6.25971   4.21661  0.710684  -8.4383     0.914340     1.612234     0.710684           11.1870       3.2373\n",
       "VCR   6.02465      2.87   1.57841  -7.1881     0.880005     1.097353     1.578413           10.4731       3.5558\n",
       "VDC   6.08789   2.79016   1.47042  -5.6697     0.889243     1.066826     1.470424           10.3485       3.4265\n",
       "VPU   6.11673  0.322263   1.98245  -8.3039     0.893454     0.123218     1.982452            8.4214       2.9991\n",
       "VNQ  0.134712  -4.58347  -3.14817 -15.9996     0.019677    -1.752502    -3.148174           -7.5969      -4.8810"
      ]
     },
     "metadata": {},
     "output_type": "display_data"
    }
   ],
   "source": [
    "data = pd.read_pickle('stocks/sectors.pkl')\n",
    "#periods = [233, 144, 89, 55, 34, 21, 13]\n",
    "periods = [89, 34, 13]\n",
    "#periods = [144, 34, 13, 5]\n",
    "\n",
    "df_perf = st.get_period_performance(data, periods=periods, offset=89, weight=periods[-1])\n",
    "display(df_perf.describe())\n",
    "display(df_perf[df_perf.apply(lambda x: x.between(x.quantile(.382), x.quantile(1))).all(1)].sort_values('TotalWeight', ascending=False))\n",
    "display(df_perf.sort_values('TotalWeight', ascending=False))\n",
    "display(df_perf.sort_values('TotalPerformance', ascending=False))"
   ]
  },
  {
   "cell_type": "code",
   "execution_count": null,
   "metadata": {},
   "outputs": [],
   "source": []
  },
  {
   "cell_type": "code",
   "execution_count": null,
   "metadata": {},
   "outputs": [],
   "source": []
  }
 ],
 "metadata": {
  "kernelspec": {
   "display_name": "Python 3.8.2 64-bit ('stockinator': venv)",
   "language": "python",
   "name": "python38264bitstockinatorvenvb229a525c12c4fb2983bb4568e6906c7"
  },
  "language_info": {
   "codemirror_mode": {
    "name": "ipython",
    "version": 3
   },
   "file_extension": ".py",
   "mimetype": "text/x-python",
   "name": "python",
   "nbconvert_exporter": "python",
   "pygments_lexer": "ipython3",
   "version": "3.8.2"
  }
 },
 "nbformat": 4,
 "nbformat_minor": 4
}
