{
 "cells": [
  {
   "cell_type": "code",
   "execution_count": 1,
   "metadata": {},
   "outputs": [],
   "source": [
    "import stockinator as st\n",
    "import pandas as pd\n",
    "from IPython.display import display\n",
    "pd.set_option('display.max_rows', 1000)\n",
    "pd.set_option('display.max_columns', 500)\n",
    "pd.set_option('display.width', 150)"
   ]
  },
  {
   "cell_type": "code",
   "execution_count": 10,
   "metadata": {},
   "outputs": [
    {
     "data": {
      "text/html": [
       "<div>\n",
       "<style scoped>\n",
       "    .dataframe tbody tr th:only-of-type {\n",
       "        vertical-align: middle;\n",
       "    }\n",
       "\n",
       "    .dataframe tbody tr th {\n",
       "        vertical-align: top;\n",
       "    }\n",
       "\n",
       "    .dataframe thead th {\n",
       "        text-align: right;\n",
       "    }\n",
       "</style>\n",
       "<table border=\"1\" class=\"dataframe\">\n",
       "  <thead>\n",
       "    <tr style=\"text-align: right;\">\n",
       "      <th></th>\n",
       "      <th>233_Weighted</th>\n",
       "      <th>89_Weighted</th>\n",
       "      <th>34_Weighted</th>\n",
       "      <th>13_Weighted</th>\n",
       "      <th>TotalPerformance</th>\n",
       "      <th>TotalWeight</th>\n",
       "    </tr>\n",
       "  </thead>\n",
       "  <tbody>\n",
       "    <tr>\n",
       "      <th>count</th>\n",
       "      <td>12.000000</td>\n",
       "      <td>12.000000</td>\n",
       "      <td>12.000000</td>\n",
       "      <td>12.000000</td>\n",
       "      <td>12.000000</td>\n",
       "      <td>12.000000</td>\n",
       "    </tr>\n",
       "    <tr>\n",
       "      <th>mean</th>\n",
       "      <td>-0.295334</td>\n",
       "      <td>-2.207066</td>\n",
       "      <td>-0.278344</td>\n",
       "      <td>3.381017</td>\n",
       "      <td>-17.750175</td>\n",
       "      <td>0.600283</td>\n",
       "    </tr>\n",
       "    <tr>\n",
       "      <th>std</th>\n",
       "      <td>0.922443</td>\n",
       "      <td>1.789588</td>\n",
       "      <td>2.937798</td>\n",
       "      <td>3.620823</td>\n",
       "      <td>34.379993</td>\n",
       "      <td>7.425885</td>\n",
       "    </tr>\n",
       "    <tr>\n",
       "      <th>min</th>\n",
       "      <td>-2.405886</td>\n",
       "      <td>-6.078523</td>\n",
       "      <td>-5.638479</td>\n",
       "      <td>-1.716415</td>\n",
       "      <td>-76.515100</td>\n",
       "      <td>-10.546500</td>\n",
       "    </tr>\n",
       "    <tr>\n",
       "      <th>25%</th>\n",
       "      <td>-0.792340</td>\n",
       "      <td>-3.035530</td>\n",
       "      <td>-3.221986</td>\n",
       "      <td>0.866074</td>\n",
       "      <td>-47.066000</td>\n",
       "      <td>-4.590050</td>\n",
       "    </tr>\n",
       "    <tr>\n",
       "      <th>50%</th>\n",
       "      <td>-0.053091</td>\n",
       "      <td>-1.433564</td>\n",
       "      <td>0.694503</td>\n",
       "      <td>2.848524</td>\n",
       "      <td>-9.325550</td>\n",
       "      <td>0.876550</td>\n",
       "    </tr>\n",
       "    <tr>\n",
       "      <th>75%</th>\n",
       "      <td>0.120404</td>\n",
       "      <td>-1.192984</td>\n",
       "      <td>1.297156</td>\n",
       "      <td>5.509263</td>\n",
       "      <td>-0.250525</td>\n",
       "      <td>5.367650</td>\n",
       "    </tr>\n",
       "    <tr>\n",
       "      <th>max</th>\n",
       "      <td>1.053998</td>\n",
       "      <td>-0.042230</td>\n",
       "      <td>4.115170</td>\n",
       "      <td>10.060405</td>\n",
       "      <td>33.810100</td>\n",
       "      <td>13.082600</td>\n",
       "    </tr>\n",
       "  </tbody>\n",
       "</table>\n",
       "</div>"
      ],
      "text/plain": [
       "       233_Weighted  89_Weighted  34_Weighted  13_Weighted  TotalPerformance  TotalWeight\n",
       "count     12.000000    12.000000    12.000000    12.000000         12.000000    12.000000\n",
       "mean      -0.295334    -2.207066    -0.278344     3.381017        -17.750175     0.600283\n",
       "std        0.922443     1.789588     2.937798     3.620823         34.379993     7.425885\n",
       "min       -2.405886    -6.078523    -5.638479    -1.716415        -76.515100   -10.546500\n",
       "25%       -0.792340    -3.035530    -3.221986     0.866074        -47.066000    -4.590050\n",
       "50%       -0.053091    -1.433564     0.694503     2.848524         -9.325550     0.876550\n",
       "75%        0.120404    -1.192984     1.297156     5.509263         -0.250525     5.367650\n",
       "max        1.053998    -0.042230     4.115170    10.060405         33.810100    13.082600"
      ]
     },
     "metadata": {},
     "output_type": "display_data"
    },
    {
     "data": {
      "text/html": [
       "<div>\n",
       "<style scoped>\n",
       "    .dataframe tbody tr th:only-of-type {\n",
       "        vertical-align: middle;\n",
       "    }\n",
       "\n",
       "    .dataframe tbody tr th {\n",
       "        vertical-align: top;\n",
       "    }\n",
       "\n",
       "    .dataframe thead th {\n",
       "        text-align: right;\n",
       "    }\n",
       "</style>\n",
       "<table border=\"1\" class=\"dataframe\">\n",
       "  <thead>\n",
       "    <tr style=\"text-align: right;\">\n",
       "      <th></th>\n",
       "      <th>233</th>\n",
       "      <th>89</th>\n",
       "      <th>34</th>\n",
       "      <th>13</th>\n",
       "      <th>233_Weighted</th>\n",
       "      <th>89_Weighted</th>\n",
       "      <th>34_Weighted</th>\n",
       "      <th>13_Weighted</th>\n",
       "      <th>TotalPerformance</th>\n",
       "      <th>TotalWeight</th>\n",
       "    </tr>\n",
       "  </thead>\n",
       "  <tbody>\n",
       "    <tr>\n",
       "      <th>VHT</th>\n",
       "      <td>15.1735</td>\n",
       "      <td>-0.289112</td>\n",
       "      <td>10.7628</td>\n",
       "      <td>8.16303</td>\n",
       "      <td>0.846588</td>\n",
       "      <td>-0.042230</td>\n",
       "      <td>4.115170</td>\n",
       "      <td>8.163034</td>\n",
       "      <td>33.8101</td>\n",
       "      <td>13.0826</td>\n",
       "    </tr>\n",
       "    <tr>\n",
       "      <th>VCR</th>\n",
       "      <td>0.00765945</td>\n",
       "      <td>-8.77977</td>\n",
       "      <td>3.39885</td>\n",
       "      <td>10.0604</td>\n",
       "      <td>0.000427</td>\n",
       "      <td>-1.282438</td>\n",
       "      <td>1.299560</td>\n",
       "      <td>10.060405</td>\n",
       "      <td>4.6871</td>\n",
       "      <td>10.0780</td>\n",
       "    </tr>\n",
       "    <tr>\n",
       "      <th>VGT</th>\n",
       "      <td>18.8909</td>\n",
       "      <td>-2.5495</td>\n",
       "      <td>7.94284</td>\n",
       "      <td>2.50241</td>\n",
       "      <td>1.053998</td>\n",
       "      <td>-0.372398</td>\n",
       "      <td>3.036966</td>\n",
       "      <td>2.502413</td>\n",
       "      <td>26.7866</td>\n",
       "      <td>6.2210</td>\n",
       "    </tr>\n",
       "    <tr>\n",
       "      <th>VOX</th>\n",
       "      <td>-1.36556</td>\n",
       "      <td>-9.03656</td>\n",
       "      <td>2.99633</td>\n",
       "      <td>5.33366</td>\n",
       "      <td>-0.076190</td>\n",
       "      <td>-1.319948</td>\n",
       "      <td>1.145657</td>\n",
       "      <td>5.333660</td>\n",
       "      <td>-2.0721</td>\n",
       "      <td>5.0832</td>\n",
       "    </tr>\n",
       "    <tr>\n",
       "      <th>SPY</th>\n",
       "      <td>1.9748</td>\n",
       "      <td>-10.5922</td>\n",
       "      <td>3.39047</td>\n",
       "      <td>3.19464</td>\n",
       "      <td>0.110182</td>\n",
       "      <td>-1.547180</td>\n",
       "      <td>1.296355</td>\n",
       "      <td>3.194636</td>\n",
       "      <td>-2.0323</td>\n",
       "      <td>3.0540</td>\n",
       "    </tr>\n",
       "  </tbody>\n",
       "</table>\n",
       "</div>"
      ],
      "text/plain": [
       "            233        89       34       13  233_Weighted  89_Weighted  34_Weighted  13_Weighted  TotalPerformance  TotalWeight\n",
       "VHT     15.1735 -0.289112  10.7628  8.16303      0.846588    -0.042230     4.115170     8.163034           33.8101      13.0826\n",
       "VCR  0.00765945  -8.77977  3.39885  10.0604      0.000427    -1.282438     1.299560    10.060405            4.6871      10.0780\n",
       "VGT     18.8909   -2.5495  7.94284  2.50241      1.053998    -0.372398     3.036966     2.502413           26.7866       6.2210\n",
       "VOX    -1.36556  -9.03656  2.99633  5.33366     -0.076190    -1.319948     1.145657     5.333660           -2.0721       5.0832\n",
       "SPY      1.9748  -10.5922  3.39047  3.19464      0.110182    -1.547180     1.296355     3.194636           -2.0323       3.0540"
      ]
     },
     "metadata": {},
     "output_type": "display_data"
    },
    {
     "data": {
      "text/html": [
       "<div>\n",
       "<style scoped>\n",
       "    .dataframe tbody tr th:only-of-type {\n",
       "        vertical-align: middle;\n",
       "    }\n",
       "\n",
       "    .dataframe tbody tr th {\n",
       "        vertical-align: top;\n",
       "    }\n",
       "\n",
       "    .dataframe thead th {\n",
       "        text-align: right;\n",
       "    }\n",
       "</style>\n",
       "<table border=\"1\" class=\"dataframe\">\n",
       "  <thead>\n",
       "    <tr style=\"text-align: right;\">\n",
       "      <th></th>\n",
       "      <th>233</th>\n",
       "      <th>89</th>\n",
       "      <th>34</th>\n",
       "      <th>13</th>\n",
       "      <th>233_Weighted</th>\n",
       "      <th>89_Weighted</th>\n",
       "      <th>34_Weighted</th>\n",
       "      <th>13_Weighted</th>\n",
       "      <th>TotalPerformance</th>\n",
       "      <th>TotalWeight</th>\n",
       "    </tr>\n",
       "  </thead>\n",
       "  <tbody>\n",
       "    <tr>\n",
       "      <th>VHT</th>\n",
       "      <td>15.1735</td>\n",
       "      <td>-0.289112</td>\n",
       "      <td>10.7628</td>\n",
       "      <td>8.16303</td>\n",
       "      <td>0.846588</td>\n",
       "      <td>-0.042230</td>\n",
       "      <td>4.115170</td>\n",
       "      <td>8.163034</td>\n",
       "      <td>33.8101</td>\n",
       "      <td>13.0826</td>\n",
       "    </tr>\n",
       "    <tr>\n",
       "      <th>VCR</th>\n",
       "      <td>0.00765945</td>\n",
       "      <td>-8.77977</td>\n",
       "      <td>3.39885</td>\n",
       "      <td>10.0604</td>\n",
       "      <td>0.000427</td>\n",
       "      <td>-1.282438</td>\n",
       "      <td>1.299560</td>\n",
       "      <td>10.060405</td>\n",
       "      <td>4.6871</td>\n",
       "      <td>10.0780</td>\n",
       "    </tr>\n",
       "    <tr>\n",
       "      <th>VGT</th>\n",
       "      <td>18.8909</td>\n",
       "      <td>-2.5495</td>\n",
       "      <td>7.94284</td>\n",
       "      <td>2.50241</td>\n",
       "      <td>1.053998</td>\n",
       "      <td>-0.372398</td>\n",
       "      <td>3.036966</td>\n",
       "      <td>2.502413</td>\n",
       "      <td>26.7866</td>\n",
       "      <td>6.2210</td>\n",
       "    </tr>\n",
       "    <tr>\n",
       "      <th>VOX</th>\n",
       "      <td>-1.36556</td>\n",
       "      <td>-9.03656</td>\n",
       "      <td>2.99633</td>\n",
       "      <td>5.33366</td>\n",
       "      <td>-0.076190</td>\n",
       "      <td>-1.319948</td>\n",
       "      <td>1.145657</td>\n",
       "      <td>5.333660</td>\n",
       "      <td>-2.0721</td>\n",
       "      <td>5.0832</td>\n",
       "    </tr>\n",
       "    <tr>\n",
       "      <th>SPY</th>\n",
       "      <td>1.9748</td>\n",
       "      <td>-10.5922</td>\n",
       "      <td>3.39047</td>\n",
       "      <td>3.19464</td>\n",
       "      <td>0.110182</td>\n",
       "      <td>-1.547180</td>\n",
       "      <td>1.296355</td>\n",
       "      <td>3.194636</td>\n",
       "      <td>-2.0323</td>\n",
       "      <td>3.0540</td>\n",
       "    </tr>\n",
       "    <tr>\n",
       "      <th>VAW</th>\n",
       "      <td>-8.39246</td>\n",
       "      <td>-19.4919</td>\n",
       "      <td>-0.409316</td>\n",
       "      <td>5.15034</td>\n",
       "      <td>-0.468249</td>\n",
       "      <td>-2.847130</td>\n",
       "      <td>-0.156503</td>\n",
       "      <td>5.150345</td>\n",
       "      <td>-23.1433</td>\n",
       "      <td>1.6785</td>\n",
       "    </tr>\n",
       "    <tr>\n",
       "      <th>VDC</th>\n",
       "      <td>2.70769</td>\n",
       "      <td>-6.34978</td>\n",
       "      <td>1.44856</td>\n",
       "      <td>0.297178</td>\n",
       "      <td>0.151073</td>\n",
       "      <td>-0.927496</td>\n",
       "      <td>0.553860</td>\n",
       "      <td>0.297178</td>\n",
       "      <td>-1.8964</td>\n",
       "      <td>0.0746</td>\n",
       "    </tr>\n",
       "    <tr>\n",
       "      <th>VDE</th>\n",
       "      <td>-43.1209</td>\n",
       "      <td>-41.6145</td>\n",
       "      <td>2.18423</td>\n",
       "      <td>6.03607</td>\n",
       "      <td>-2.405886</td>\n",
       "      <td>-6.078523</td>\n",
       "      <td>0.835147</td>\n",
       "      <td>6.036070</td>\n",
       "      <td>-76.5151</td>\n",
       "      <td>-1.6132</td>\n",
       "    </tr>\n",
       "    <tr>\n",
       "      <th>VPU</th>\n",
       "      <td>-0.537557</td>\n",
       "      <td>-8.77321</td>\n",
       "      <td>-8.35099</td>\n",
       "      <td>1.08275</td>\n",
       "      <td>-0.029992</td>\n",
       "      <td>-1.281480</td>\n",
       "      <td>-3.193025</td>\n",
       "      <td>1.082749</td>\n",
       "      <td>-16.5790</td>\n",
       "      <td>-3.4217</td>\n",
       "    </tr>\n",
       "    <tr>\n",
       "      <th>VNQ</th>\n",
       "      <td>-13.6912</td>\n",
       "      <td>-18.8163</td>\n",
       "      <td>-14.7468</td>\n",
       "      <td>1.05571</td>\n",
       "      <td>-0.763886</td>\n",
       "      <td>-2.748443</td>\n",
       "      <td>-5.638479</td>\n",
       "      <td>1.055705</td>\n",
       "      <td>-46.1985</td>\n",
       "      <td>-8.0951</td>\n",
       "    </tr>\n",
       "    <tr>\n",
       "      <th>VIS</th>\n",
       "      <td>-15.7311</td>\n",
       "      <td>-24.6511</td>\n",
       "      <td>-8.69868</td>\n",
       "      <td>-0.587575</td>\n",
       "      <td>-0.877702</td>\n",
       "      <td>-3.600727</td>\n",
       "      <td>-3.325967</td>\n",
       "      <td>-0.587575</td>\n",
       "      <td>-49.6685</td>\n",
       "      <td>-8.3920</td>\n",
       "    </tr>\n",
       "    <tr>\n",
       "      <th>VFH</th>\n",
       "      <td>-19.4353</td>\n",
       "      <td>-30.375</td>\n",
       "      <td>-8.65396</td>\n",
       "      <td>-1.71641</td>\n",
       "      <td>-1.084371</td>\n",
       "      <td>-4.436803</td>\n",
       "      <td>-3.308867</td>\n",
       "      <td>-1.716415</td>\n",
       "      <td>-60.1807</td>\n",
       "      <td>-10.5465</td>\n",
       "    </tr>\n",
       "  </tbody>\n",
       "</table>\n",
       "</div>"
      ],
      "text/plain": [
       "            233        89        34        13  233_Weighted  89_Weighted  34_Weighted  13_Weighted  TotalPerformance  TotalWeight\n",
       "VHT     15.1735 -0.289112   10.7628   8.16303      0.846588    -0.042230     4.115170     8.163034           33.8101      13.0826\n",
       "VCR  0.00765945  -8.77977   3.39885   10.0604      0.000427    -1.282438     1.299560    10.060405            4.6871      10.0780\n",
       "VGT     18.8909   -2.5495   7.94284   2.50241      1.053998    -0.372398     3.036966     2.502413           26.7866       6.2210\n",
       "VOX    -1.36556  -9.03656   2.99633   5.33366     -0.076190    -1.319948     1.145657     5.333660           -2.0721       5.0832\n",
       "SPY      1.9748  -10.5922   3.39047   3.19464      0.110182    -1.547180     1.296355     3.194636           -2.0323       3.0540\n",
       "VAW    -8.39246  -19.4919 -0.409316   5.15034     -0.468249    -2.847130    -0.156503     5.150345          -23.1433       1.6785\n",
       "VDC     2.70769  -6.34978   1.44856  0.297178      0.151073    -0.927496     0.553860     0.297178           -1.8964       0.0746\n",
       "VDE    -43.1209  -41.6145   2.18423   6.03607     -2.405886    -6.078523     0.835147     6.036070          -76.5151      -1.6132\n",
       "VPU   -0.537557  -8.77321  -8.35099   1.08275     -0.029992    -1.281480    -3.193025     1.082749          -16.5790      -3.4217\n",
       "VNQ    -13.6912  -18.8163  -14.7468   1.05571     -0.763886    -2.748443    -5.638479     1.055705          -46.1985      -8.0951\n",
       "VIS    -15.7311  -24.6511  -8.69868 -0.587575     -0.877702    -3.600727    -3.325967    -0.587575          -49.6685      -8.3920\n",
       "VFH    -19.4353   -30.375  -8.65396  -1.71641     -1.084371    -4.436803    -3.308867    -1.716415          -60.1807     -10.5465"
      ]
     },
     "metadata": {},
     "output_type": "display_data"
    },
    {
     "data": {
      "text/html": [
       "<div>\n",
       "<style scoped>\n",
       "    .dataframe tbody tr th:only-of-type {\n",
       "        vertical-align: middle;\n",
       "    }\n",
       "\n",
       "    .dataframe tbody tr th {\n",
       "        vertical-align: top;\n",
       "    }\n",
       "\n",
       "    .dataframe thead th {\n",
       "        text-align: right;\n",
       "    }\n",
       "</style>\n",
       "<table border=\"1\" class=\"dataframe\">\n",
       "  <thead>\n",
       "    <tr style=\"text-align: right;\">\n",
       "      <th></th>\n",
       "      <th>233</th>\n",
       "      <th>89</th>\n",
       "      <th>34</th>\n",
       "      <th>13</th>\n",
       "      <th>233_Weighted</th>\n",
       "      <th>89_Weighted</th>\n",
       "      <th>34_Weighted</th>\n",
       "      <th>13_Weighted</th>\n",
       "      <th>TotalPerformance</th>\n",
       "      <th>TotalWeight</th>\n",
       "    </tr>\n",
       "  </thead>\n",
       "  <tbody>\n",
       "    <tr>\n",
       "      <th>VHT</th>\n",
       "      <td>15.1735</td>\n",
       "      <td>-0.289112</td>\n",
       "      <td>10.7628</td>\n",
       "      <td>8.16303</td>\n",
       "      <td>0.846588</td>\n",
       "      <td>-0.042230</td>\n",
       "      <td>4.115170</td>\n",
       "      <td>8.163034</td>\n",
       "      <td>33.8101</td>\n",
       "      <td>13.0826</td>\n",
       "    </tr>\n",
       "    <tr>\n",
       "      <th>VGT</th>\n",
       "      <td>18.8909</td>\n",
       "      <td>-2.5495</td>\n",
       "      <td>7.94284</td>\n",
       "      <td>2.50241</td>\n",
       "      <td>1.053998</td>\n",
       "      <td>-0.372398</td>\n",
       "      <td>3.036966</td>\n",
       "      <td>2.502413</td>\n",
       "      <td>26.7866</td>\n",
       "      <td>6.2210</td>\n",
       "    </tr>\n",
       "    <tr>\n",
       "      <th>VCR</th>\n",
       "      <td>0.00765945</td>\n",
       "      <td>-8.77977</td>\n",
       "      <td>3.39885</td>\n",
       "      <td>10.0604</td>\n",
       "      <td>0.000427</td>\n",
       "      <td>-1.282438</td>\n",
       "      <td>1.299560</td>\n",
       "      <td>10.060405</td>\n",
       "      <td>4.6871</td>\n",
       "      <td>10.0780</td>\n",
       "    </tr>\n",
       "    <tr>\n",
       "      <th>VDC</th>\n",
       "      <td>2.70769</td>\n",
       "      <td>-6.34978</td>\n",
       "      <td>1.44856</td>\n",
       "      <td>0.297178</td>\n",
       "      <td>0.151073</td>\n",
       "      <td>-0.927496</td>\n",
       "      <td>0.553860</td>\n",
       "      <td>0.297178</td>\n",
       "      <td>-1.8964</td>\n",
       "      <td>0.0746</td>\n",
       "    </tr>\n",
       "    <tr>\n",
       "      <th>SPY</th>\n",
       "      <td>1.9748</td>\n",
       "      <td>-10.5922</td>\n",
       "      <td>3.39047</td>\n",
       "      <td>3.19464</td>\n",
       "      <td>0.110182</td>\n",
       "      <td>-1.547180</td>\n",
       "      <td>1.296355</td>\n",
       "      <td>3.194636</td>\n",
       "      <td>-2.0323</td>\n",
       "      <td>3.0540</td>\n",
       "    </tr>\n",
       "    <tr>\n",
       "      <th>VOX</th>\n",
       "      <td>-1.36556</td>\n",
       "      <td>-9.03656</td>\n",
       "      <td>2.99633</td>\n",
       "      <td>5.33366</td>\n",
       "      <td>-0.076190</td>\n",
       "      <td>-1.319948</td>\n",
       "      <td>1.145657</td>\n",
       "      <td>5.333660</td>\n",
       "      <td>-2.0721</td>\n",
       "      <td>5.0832</td>\n",
       "    </tr>\n",
       "    <tr>\n",
       "      <th>VPU</th>\n",
       "      <td>-0.537557</td>\n",
       "      <td>-8.77321</td>\n",
       "      <td>-8.35099</td>\n",
       "      <td>1.08275</td>\n",
       "      <td>-0.029992</td>\n",
       "      <td>-1.281480</td>\n",
       "      <td>-3.193025</td>\n",
       "      <td>1.082749</td>\n",
       "      <td>-16.5790</td>\n",
       "      <td>-3.4217</td>\n",
       "    </tr>\n",
       "    <tr>\n",
       "      <th>VAW</th>\n",
       "      <td>-8.39246</td>\n",
       "      <td>-19.4919</td>\n",
       "      <td>-0.409316</td>\n",
       "      <td>5.15034</td>\n",
       "      <td>-0.468249</td>\n",
       "      <td>-2.847130</td>\n",
       "      <td>-0.156503</td>\n",
       "      <td>5.150345</td>\n",
       "      <td>-23.1433</td>\n",
       "      <td>1.6785</td>\n",
       "    </tr>\n",
       "    <tr>\n",
       "      <th>VNQ</th>\n",
       "      <td>-13.6912</td>\n",
       "      <td>-18.8163</td>\n",
       "      <td>-14.7468</td>\n",
       "      <td>1.05571</td>\n",
       "      <td>-0.763886</td>\n",
       "      <td>-2.748443</td>\n",
       "      <td>-5.638479</td>\n",
       "      <td>1.055705</td>\n",
       "      <td>-46.1985</td>\n",
       "      <td>-8.0951</td>\n",
       "    </tr>\n",
       "    <tr>\n",
       "      <th>VIS</th>\n",
       "      <td>-15.7311</td>\n",
       "      <td>-24.6511</td>\n",
       "      <td>-8.69868</td>\n",
       "      <td>-0.587575</td>\n",
       "      <td>-0.877702</td>\n",
       "      <td>-3.600727</td>\n",
       "      <td>-3.325967</td>\n",
       "      <td>-0.587575</td>\n",
       "      <td>-49.6685</td>\n",
       "      <td>-8.3920</td>\n",
       "    </tr>\n",
       "    <tr>\n",
       "      <th>VFH</th>\n",
       "      <td>-19.4353</td>\n",
       "      <td>-30.375</td>\n",
       "      <td>-8.65396</td>\n",
       "      <td>-1.71641</td>\n",
       "      <td>-1.084371</td>\n",
       "      <td>-4.436803</td>\n",
       "      <td>-3.308867</td>\n",
       "      <td>-1.716415</td>\n",
       "      <td>-60.1807</td>\n",
       "      <td>-10.5465</td>\n",
       "    </tr>\n",
       "    <tr>\n",
       "      <th>VDE</th>\n",
       "      <td>-43.1209</td>\n",
       "      <td>-41.6145</td>\n",
       "      <td>2.18423</td>\n",
       "      <td>6.03607</td>\n",
       "      <td>-2.405886</td>\n",
       "      <td>-6.078523</td>\n",
       "      <td>0.835147</td>\n",
       "      <td>6.036070</td>\n",
       "      <td>-76.5151</td>\n",
       "      <td>-1.6132</td>\n",
       "    </tr>\n",
       "  </tbody>\n",
       "</table>\n",
       "</div>"
      ],
      "text/plain": [
       "            233        89        34        13  233_Weighted  89_Weighted  34_Weighted  13_Weighted  TotalPerformance  TotalWeight\n",
       "VHT     15.1735 -0.289112   10.7628   8.16303      0.846588    -0.042230     4.115170     8.163034           33.8101      13.0826\n",
       "VGT     18.8909   -2.5495   7.94284   2.50241      1.053998    -0.372398     3.036966     2.502413           26.7866       6.2210\n",
       "VCR  0.00765945  -8.77977   3.39885   10.0604      0.000427    -1.282438     1.299560    10.060405            4.6871      10.0780\n",
       "VDC     2.70769  -6.34978   1.44856  0.297178      0.151073    -0.927496     0.553860     0.297178           -1.8964       0.0746\n",
       "SPY      1.9748  -10.5922   3.39047   3.19464      0.110182    -1.547180     1.296355     3.194636           -2.0323       3.0540\n",
       "VOX    -1.36556  -9.03656   2.99633   5.33366     -0.076190    -1.319948     1.145657     5.333660           -2.0721       5.0832\n",
       "VPU   -0.537557  -8.77321  -8.35099   1.08275     -0.029992    -1.281480    -3.193025     1.082749          -16.5790      -3.4217\n",
       "VAW    -8.39246  -19.4919 -0.409316   5.15034     -0.468249    -2.847130    -0.156503     5.150345          -23.1433       1.6785\n",
       "VNQ    -13.6912  -18.8163  -14.7468   1.05571     -0.763886    -2.748443    -5.638479     1.055705          -46.1985      -8.0951\n",
       "VIS    -15.7311  -24.6511  -8.69868 -0.587575     -0.877702    -3.600727    -3.325967    -0.587575          -49.6685      -8.3920\n",
       "VFH    -19.4353   -30.375  -8.65396  -1.71641     -1.084371    -4.436803    -3.308867    -1.716415          -60.1807     -10.5465\n",
       "VDE    -43.1209  -41.6145   2.18423   6.03607     -2.405886    -6.078523     0.835147     6.036070          -76.5151      -1.6132"
      ]
     },
     "metadata": {},
     "output_type": "display_data"
    }
   ],
   "source": [
    "data = pd.read_pickle('stocks/sectors.pkl')\n",
    "#periods = [233, 144, 89, 55, 34, 21, 13]\n",
    "periods = [233, 89, 34, 13]\n",
    "#periods = [144, 55, 21]\n",
    "\n",
    "df_perf = st.get_period_performance(data, periods=periods, offset=0, weight=periods[-1])\n",
    "display(df_perf.describe())\n",
    "display(df_perf[df_perf.apply(lambda x: x.between(x.quantile(.382), x.quantile(1))).all(1)].sort_values('TotalWeight', ascending=False))\n",
    "display(df_perf.sort_values('TotalWeight', ascending=False))\n",
    "display(df_perf.sort_values('TotalPerformance', ascending=False))"
   ]
  },
  {
   "cell_type": "code",
   "execution_count": null,
   "metadata": {},
   "outputs": [],
   "source": []
  },
  {
   "cell_type": "code",
   "execution_count": null,
   "metadata": {},
   "outputs": [],
   "source": []
  }
 ],
 "metadata": {
  "kernelspec": {
   "display_name": "Python 3.8.2 64-bit",
   "language": "python",
   "name": "python38264bitb155f5c0dac74d8da584e4ccbce14879"
  },
  "language_info": {
   "codemirror_mode": {
    "name": "ipython",
    "version": 3
   },
   "file_extension": ".py",
   "mimetype": "text/x-python",
   "name": "python",
   "nbconvert_exporter": "python",
   "pygments_lexer": "ipython3",
   "version": "3.8.2"
  }
 },
 "nbformat": 4,
 "nbformat_minor": 4
}
